Date,Open,High,Low,Close,Adj Close,Volume
2021-04-25,1.103,1.14678,1.0183,1.0913,1.0913,305075283.55
2021-04-26,1.091,1.2509,1.0793,1.2375,1.2375,473369883.13
2021-04-27,1.2377,1.3333,1.2232,1.3063,1.3063,392979049.07
2021-04-28,1.3063,1.3488,1.2326,1.3379,1.3379,388598645.07
2021-04-29,1.3373,1.4117,1.2661,1.3063,1.3063,578529650.82
2021-04-30,1.3066,1.3709,1.2855,1.3532,1.3532,308696257.77
2021-05-01,1.353,1.3678,1.3128,1.3516,1.3516,208656399.38
2021-05-02,1.3516,1.3556,1.2941,1.3267,1.3267,218990273.64
2021-05-03,1.3267,1.38,1.3208,1.3622,1.3622,271187623.29
2021-05-04,1.3627,1.3673,1.2557,1.2698,1.2698,421500877.62
2021-05-05,1.2699,1.497,1.2598,1.4798,1.4798,579064616.22
2021-05-06,1.4799,1.7,1.4288,1.6491,1.6491,1342973403.72
2021-05-07,1.6491,1.7478,1.526,1.653,1.653,789059200.98
2021-05-08,1.6529,1.6543,1.5611,1.6211,1.6211,393498897.98
2021-05-09,1.6206,1.833,1.5726,1.7663,1.7663,883091328.46
2021-05-10,1.7662,1.8243,1.517,1.6423,1.6423,712304913.86
2021-05-11,1.6418,1.7791,1.5954,1.7632,1.7632,524326718.11
2021-05-12,1.7633,1.821,1.5462,1.5694,1.5694,599710080.8
2021-05-13,1.5669,1.9719,1.5,1.9296,1.9296,1567655289.16
2021-05-14,1.9289,2.043,1.8112,2.0069,2.0069,695033070.96
2021-05-15,2.0073,2.3789,1.9628,2.1744,2.1744,1376815760.83
2021-05-16,2.1754,2.47,2.0104,2.3002,2.3002,1190745903.78
2021-05-17,2.3002,2.329,1.9159,2.0307,2.0307,1137971306.33
2021-05-18,2.0301,2.1492,1.9712,2.0036,2.0036,612259916.93
2021-05-19,2.0036,2.0317,1.01,1.4663,1.4663,2261842102.36
2021-05-20,1.4676,1.9487,1.3218,1.8006,1.8006,1331716279.01
2021-05-21,1.8002,1.87,1.32,1.5493,1.5493,1158826530.96
2021-05-22,1.5493,1.602,1.3661,1.4629,1.4629,800713185.45
2021-05-23,1.4636,1.5397,1.051,1.3139,1.3139,1461270087.31
2021-05-24,1.3135,1.5974,1.2476,1.55,1.55,1034255631.11
2021-05-25,1.5497,1.6499,1.4354,1.5532,1.5532,807717267.52
2021-05-26,1.5525,1.832,1.552,1.7791,1.7791,857080518.13
2021-05-27,1.7788,1.7885,1.6077,1.6552,1.6552,590119092.56
2021-05-28,1.6552,1.678,1.45,1.5133,1.5133,817239543.16
2021-05-29,1.5133,1.5624,1.335,1.4029,1.4029,576104659.27
2021-05-30,1.4035,1.7,1.3457,1.5751,1.5751,764079031.67
2021-05-31,1.5751,1.75,1.5249,1.7373,1.7373,600116070.88
2021-06-01,1.7376,1.7796,1.6531,1.7363,1.7363,530252586.94
2021-06-02,1.7362,1.8042,1.7173,1.7534,1.7534,431644801.42
2021-06-03,1.7534,1.8897,1.7134,1.8453,1.8453,417400945.02
2021-06-04,1.8454,1.848,1.608,1.7077,1.7077,596433033.05
2021-06-05,1.708,1.7823,1.61,1.6551,1.6551,369328430.6
2021-06-06,1.6555,1.7077,1.6451,1.6771,1.6771,191999153.68
2021-06-07,1.6771,1.7414,1.55,1.5659,1.5659,341267094.73
2021-06-08,1.5659,1.5966,1.4,1.5819,1.5819,612223590.99
2021-06-09,1.5818,1.635,1.4827,1.6279,1.6279,471664344.33
2021-06-10,1.6282,1.6378,1.5064,1.5328,1.5328,312406121.42
2021-06-11,1.5328,1.5474,1.4192,1.4371,1.4371,323101330.0
2021-06-12,1.4368,1.4934,1.3562,1.4789,1.4789,362965214.53
2021-06-13,1.4789,1.58,1.4001,1.5566,1.5566,330722303.94
2021-06-14,1.5563,1.595,1.5056,1.5769,1.5769,280791163.74
2021-06-15,1.5769,1.6109,1.5441,1.5552,1.5552,216159062.78
2021-06-16,1.555,1.5754,1.474,1.4851,1.4851,203580536.01
2021-06-17,1.4851,1.5388,1.4568,1.4826,1.4826,165078770.77
2021-06-18,1.4825,1.4927,1.374,1.4163,1.4163,220933715.72
2021-06-19,1.4164,1.4411,1.3834,1.3839,1.3839,145492869.0
2021-06-20,1.384,1.46,1.306,1.4263,1.4263,269372753.54
2021-06-21,1.4262,1.4371,1.1672,1.174,1.174,512064782.95
2021-06-22,1.1738,1.2634,1.0001,1.1567,1.1567,907361654.28
2021-06-23,1.1563,1.31,1.108,1.2512,1.2512,490479573.3
2021-06-24,1.2513,1.3998,1.2006,1.3604,1.3604,427028527.81
2021-06-25,1.3604,1.3971,1.2431,1.2521,1.2521,548380704.22
2021-06-26,1.252,1.2923,1.1968,1.2521,1.2521,307404658.42
2021-06-27,1.252,1.3499,1.241,1.338,1.338,242097878.29
2021-06-28,1.3379,1.3506,1.3042,1.326,1.326,220547816.19
2021-06-29,1.3261,1.42,1.319,1.373,1.373,287571860.2
2021-06-30,1.3731,1.3993,1.2825,1.3853,1.3853,263769140.47
2021-07-01,1.3853,1.3862,1.302,1.3313,1.3313,196824530.3
2021-07-02,1.3312,1.3959,1.285,1.3946,1.3946,235621261.45
2021-07-03,1.3947,1.4444,1.3579,1.4045,1.4045,197443853.76
2021-07-04,1.4045,1.4955,1.3815,1.4615,1.4615,185325977.32
2021-07-05,1.4615,1.4616,1.3764,1.4039,1.4039,210256310.91
2021-07-06,1.4039,1.4578,1.3888,1.4157,1.4157,173402604.28
2021-07-07,1.4156,1.4416,1.4,1.404,1.404,125167776.95
2021-07-08,1.404,1.4065,1.3194,1.327,1.327,175680408.72
2021-07-09,1.3268,1.3746,1.2859,1.3504,1.3504,160293985.2
2021-07-10,1.3504,1.366,1.3158,1.3356,1.3356,93476664.31
2021-07-11,1.3356,1.3669,1.3231,1.3485,1.3485,71704260.26
2021-07-12,1.3485,1.3736,1.2916,1.3126,1.3126,112067630.51
2021-07-13,1.3126,1.3216,1.25,1.265,1.265,125015668.98
2021-07-14,1.2649,1.2894,1.198,1.2635,1.2635,165466902.33
2021-07-15,1.2634,1.29,1.205,1.2258,1.2258,133685795.15
2021-07-16,1.2258,1.245,1.1655,1.1708,1.1708,159173625.74
2021-07-17,1.1705,1.1948,1.1497,1.1721,1.1721,124485807.1
2021-07-18,1.1721,1.2186,1.1666,1.1813,1.1813,108584207.61
2021-07-19,1.1814,1.1921,1.1156,1.1225,1.1225,138646747.17
2021-07-20,1.1226,1.1362,1.0202,1.0539,1.0539,283618751.18
2021-07-21,1.0541,1.2222,1.0366,1.1711,1.1711,287296624.78
2021-07-22,1.1711,1.2081,1.1492,1.1856,1.1856,158912321.76
2021-07-23,1.1857,1.2089,1.1465,1.2077,1.2077,131335875.06
2021-07-24,1.2075,1.2487,1.1964,1.2327,1.2327,142716783.01
2021-07-25,1.2332,1.2388,1.19,1.2284,1.2284,107934124.51
2021-07-26,1.2283,1.3991,1.2221,1.2551,1.2551,415073283.88
2021-07-27,1.2549,1.3158,1.2136,1.2799,1.2799,233094192.34
2021-07-28,1.2797,1.32,1.2573,1.2875,1.2875,201236980.03
2021-07-29,1.2875,1.2987,1.256,1.2856,1.2856,130840990.64
2021-07-30,1.2856,1.3179,1.2467,1.3108,1.3108,181649929.84
2021-07-31,1.3109,1.3329,1.287,1.3193,1.3193,122070136.42
2021-08-01,1.3193,1.3879,1.2984,1.3142,1.3142,200978816.46
2021-08-02,1.3145,1.35,1.2927,1.3083,1.3083,124737501.38
2021-08-03,1.3082,1.3827,1.2613,1.3696,1.3696,250226135.48
2021-08-04,1.3697,1.3938,1.323,1.3765,1.3765,182865692.1
2021-08-05,1.3766,1.3974,1.338,1.3859,1.3859,160752874.44
2021-08-06,1.3859,1.425,1.3613,1.4025,1.4025,165384665.39
2021-08-07,1.4027,1.485,1.3945,1.4727,1.4727,245578409.2
2021-08-08,1.4726,1.4941,1.407,1.4255,1.4255,201134603.12
2021-08-09,1.4256,1.499,1.3933,1.4745,1.4745,204393100.93
2021-08-10,1.4745,1.701,1.457,1.678,1.678,356506024.51
2021-08-11,1.678,1.895,1.67,1.7934,1.7934,488863450.17
2021-08-12,1.7934,1.869,1.6792,1.8324,1.8324,431637639.2
2021-08-13,1.833,2.1495,1.8212,2.1386,2.1386,589994492.03
2021-08-14,2.1386,2.25,2.0835,2.1878,2.1878,599325581.5
2021-08-15,2.1875,2.2499,2.03,2.1667,2.1667,370249371.15
2021-08-16,2.1667,2.2,2.0463,2.0714,2.0714,313643255.53
2021-08-17,2.0717,2.1414,1.9059,1.9239,1.9239,361700269.73
2021-08-18,1.924,2.1643,1.87,2.1043,2.1043,486614298.9
2021-08-19,2.1045,2.455,2.0462,2.4411,2.4411,661367609.97
2021-08-20,2.4411,2.5817,2.3666,2.4557,2.4557,619099859.32
2021-08-21,2.4557,2.5288,2.3805,2.4341,2.4341,297136052.16
2021-08-22,2.4347,2.7212,2.4306,2.7049,2.7049,485497408.99
2021-08-23,2.705,2.9719,2.6849,2.9152,2.9152,653707062.88
2021-08-24,2.9152,2.947,2.5872,2.7187,2.7187,641652294.22
2021-08-25,2.7191,2.797,2.6,2.739,2.739,460928567.06
2021-08-26,2.7389,2.785,2.47,2.528,2.528,407754722.33
2021-08-27,2.529,2.9473,2.494,2.946,2.946,472662823.39
2021-08-28,2.947,2.95,2.772,2.847,2.847,243063514.39
2021-08-29,2.847,2.935,2.719,2.851,2.851,274365688.0
2021-08-30,2.85,2.884,2.72,2.734,2.734,240691753.9
2021-08-31,2.735,2.881,2.702,2.767,2.767,251908426.3
2021-09-01,2.768,2.904,2.72,2.869,2.869,196563544.1
2021-09-02,2.87,3.101,2.834,2.96,2.96,397432179.47
2021-09-03,2.96,3.03,2.9,2.966,2.966,203828698.4
2021-09-04,2.965,2.967,2.8,2.83,2.83,192271347.0
2021-09-05,2.831,2.956,2.813,2.91,2.91,169097774.6
2021-09-06,2.911,2.927,2.8,2.833,2.833,186970542.2
2021-09-07,2.833,2.875,2.0,2.514,2.514,964890684.8
2021-09-08,2.514,2.564,2.2,2.47,2.47,547581870.5
2021-09-09,2.47,2.623,2.39,2.518,2.518,411631907.8
2021-09-10,2.518,2.586,2.269,2.383,2.383,322102115.0
2021-09-11,2.384,2.8,2.367,2.638,2.638,561119335.07
2021-09-12,2.637,2.789,2.501,2.581,2.581,466822310.1
2021-09-13,2.58,2.593,2.309,2.402,2.402,378841930.8
2021-09-14,2.401,2.438,2.32,2.396,2.396,214309623.2
2021-09-15,2.396,2.582,2.355,2.505,2.505,276853578.3
2021-09-16,2.504,2.56,2.381,2.417,2.417,196390696.8
2021-09-17,2.417,2.442,2.313,2.35,2.35,130098585.4
2021-09-18,2.35,2.439,2.31,2.371,2.371,115231963.9
2021-09-19,2.371,2.397,2.259,2.283,2.283,127205837.0
2021-09-20,2.283,2.293,1.97,2.079,2.079,458599973.03
2021-09-21,2.08,2.229,1.9101,1.986,1.986,450988800.97
2021-09-22,1.986,2.268,1.967,2.257,2.257,262894741.0
2021-09-23,2.257,2.346,2.179,2.327,2.327,190056984.8
2021-09-24,2.327,2.345,2.063,2.277,2.277,382004501.6
2021-09-25,2.277,2.459,2.235,2.3,2.3,328389858.73
2021-09-26,2.299,2.301,2.147,2.207,2.207,231090029.9
2021-09-27,2.206,2.277,2.128,2.13,2.13,150915484.2
2021-09-28,2.129,2.173,2.029,2.037,2.037,151911770.2
2021-09-29,2.037,2.15,2.02,2.066,2.066,136138441.2
2021-09-30,2.066,2.137,2.051,2.115,2.115,124916940.9
2021-10-01,2.115,2.275,2.092,2.256,2.256,197157573.9
2021-10-02,2.255,2.322,2.192,2.247,2.247,147408004.5
2021-10-03,2.247,2.309,2.221,2.251,2.251,136980609.8
2021-10-04,2.251,2.253,2.15,2.191,2.191,149496124.6
2021-10-05,2.191,2.258,2.175,2.233,2.233,131834376.0
2021-10-06,2.232,2.251,2.111,2.209,2.209,192646609.5
2021-10-07,2.209,2.375,2.15,2.278,2.278,254708498.4
2021-10-08,2.278,2.313,2.213,2.237,2.237,138317391.4
2021-10-09,2.238,2.3,2.22,2.268,2.268,108667313.3
2021-10-10,2.269,2.277,2.16,2.189,2.189,110373473.1
2021-10-11,2.189,2.25,2.107,2.171,2.171,124908952.1
2021-10-12,2.171,2.173,2.071,2.118,2.118,150529530.2
2021-10-13,2.117,2.2,2.078,2.19,2.19,133035035.4
2021-10-14,2.189,2.225,2.155,2.172,2.172,109132237.4
2021-10-15,2.172,2.243,2.136,2.218,2.218,205811006.8
2021-10-16,2.217,2.25,2.169,2.179,2.179,103000332.9
2021-10-17,2.178,2.189,2.089,2.158,2.158,109914412.1
2021-10-18,2.158,2.176,2.105,2.128,2.128,96988762.8
2021-10-19,2.127,2.157,2.093,2.11,2.11,94391775.6
2021-10-20,2.11,2.208,2.092,2.19,2.19,135969738.8
2021-10-21,2.19,2.298,2.131,2.137,2.137,265787667.1
2021-10-22,2.136,2.21,2.125,2.156,2.156,130738721.4
2021-10-23,2.157,2.175,2.131,2.166,2.166,74106470.8
2021-10-24,2.167,2.169,2.093,2.12,2.12,97230595.4
2021-10-25,2.119,2.178,2.114,2.144,2.144,105874037.9
2021-10-26,2.145,2.202,2.122,2.137,2.137,142897864.5
2021-10-27,2.138,2.156,1.804,1.912,1.912,397889032.1
2021-10-28,1.912,2.058,1.905,1.987,1.987,253879713.5
2021-10-29,1.987,2.048,1.979,2.015,2.015,154761692.9
2021-10-30,2.016,2.019,1.924,1.955,1.955,122995185.8
2021-10-31,1.957,2.029,1.918,1.964,1.964,146413161.5
2021-11-01,1.965,2.019,1.911,1.949,1.949,144061135.4
2021-11-02,1.949,1.996,1.933,1.971,1.971,124263204.0
2021-11-03,1.971,2.144,1.95,2.063,2.063,335561983.7
2021-11-04,2.063,2.103,1.933,1.983,1.983,174549100.4
2021-11-05,1.983,2.017,1.959,1.982,1.982,108180863.7
2021-11-06,1.982,2.04,1.942,2.005,2.005,105480654.3
2021-11-07,2.004,2.035,1.974,2.021,2.021,82637102.7
2021-11-08,2.02,2.14,2.008,2.125,2.125,189974471.1
2021-11-09,2.126,2.378,2.105,2.27,2.27,581074544.2
2021-11-10,2.269,2.331,1.932,2.097,2.097,479840587.6
2021-11-11,2.097,2.153,2.058,2.079,2.079,151168963.6
2021-11-12,2.079,2.099,1.991,2.045,2.045,160252178.8
2021-11-13,2.046,2.08,2.021,2.05,2.05,82511465.5
2021-11-14,2.05,2.07,2.009,2.04,2.04,59859608.6
2021-11-15,2.04,2.095,2.011,2.017,2.017,93079577.9
2021-11-16,2.018,2.018,1.759,1.874,1.874,268941429.22
2021-11-17,1.874,1.893,1.795,1.876,1.876,207985172.0
2021-11-18,1.877,1.907,1.701,1.786,1.786,221759905.97
2021-11-19,1.786,1.894,1.754,1.863,1.863,144849476.6
2021-11-20,1.862,1.956,1.86,1.922,1.922,128183408.0
2021-11-21,1.921,1.924,1.832,1.835,1.835,87455485.3
2021-11-22,1.835,1.839,1.757,1.776,1.776,144285714.0
2021-11-23,1.776,1.816,1.738,1.751,1.751,144774307.8
2021-11-24,1.751,1.754,1.586,1.666,1.666,290146559.06
2021-11-25,1.665,1.749,1.619,1.675,1.675,216037163.1
2021-11-26,1.676,1.685,1.495,1.533,1.533,337429397.07
2021-11-27,1.532,1.585,1.531,1.543,1.543,107756518.0
2021-11-28,1.543,1.6,1.416,1.594,1.594,228010819.22
2021-11-29,1.595,1.636,1.557,1.601,1.601,153848484.7
2021-11-30,1.602,1.629,1.544,1.554,1.554,185671961.6
2021-12-01,1.553,1.622,1.531,1.548,1.548,157458493.8
2021-12-02,1.547,1.76,1.517,1.719,1.719,441382037.0
2021-12-03,1.72,1.729,1.509,1.556,1.556,276255974.6
2021-12-04,1.557,1.558,1.188,1.42,1.42,612957918.54
2021-12-05,1.419,1.435,1.284,1.378,1.378,270618794.7
2021-12-06,1.378,1.442,1.255,1.42,1.42,338310628.7
2021-12-07,1.42,1.479,1.365,1.378,1.378,229514365.2
2021-12-08,1.378,1.423,1.337,1.396,1.396,187594478.2
2021-12-09,1.396,1.409,1.287,1.289,1.289,174568058.8
2021-12-10,1.288,1.334,1.207,1.211,1.211,192968833.1
2021-12-11,1.211,1.362,1.192,1.354,1.354,179118114.1
2021-12-12,1.354,1.415,1.319,1.346,1.346,149463677.1
2021-12-13,1.345,1.357,1.2,1.223,1.223,184388318.4
2021-12-14,1.223,1.284,1.198,1.266,1.266,175476318.0
2021-12-15,1.267,1.331,1.204,1.311,1.311,170247496.3
2021-12-16,1.311,1.331,1.236,1.24,1.24,117662885.3
2021-12-17,1.24,1.259,1.182,1.218,1.218,138092226.1
2021-12-18,1.218,1.267,1.2,1.242,1.242,81211094.1
2021-12-19,1.242,1.312,1.24,1.243,1.243,124074683.5
2021-12-20,1.244,1.261,1.201,1.237,1.237,123106967.7
2021-12-21,1.238,1.289,1.227,1.28,1.28,122949048.2
2021-12-22,1.279,1.369,1.276,1.327,1.327,161174698.1
2021-12-23,1.327,1.49,1.307,1.475,1.475,216795659.8
2021-12-24,1.475,1.491,1.381,1.392,1.392,126360588.3
2021-12-25,1.393,1.46,1.381,1.452,1.452,87587873.9
2021-12-26,1.453,1.467,1.407,1.455,1.455,103769249.9
2021-12-27,1.455,1.594,1.45,1.516,1.516,181165265.8
2021-12-28,1.516,1.54,1.376,1.4,1.4,233458767.4
2021-12-29,1.4,1.438,1.323,1.332,1.332,151404808.3
2021-12-30,1.333,1.378,1.297,1.359,1.359,134171567.8
2021-12-31,1.359,1.383,1.281,1.308,1.308,120612337.3
2022-01-01,1.308,1.38,1.306,1.38,1.38,69007607.5
2022-01-02,1.379,1.391,1.342,1.377,1.377,81011860.4
2022-01-03,1.378,1.378,1.31,1.319,1.319,87155825.9
2022-01-04,1.319,1.352,1.295,1.309,1.309,94479305.9
2022-01-05,1.31,1.353,1.193,1.23,1.23,158740088.2
2022-01-06,1.23,1.297,1.186,1.28,1.28,175754407.6
2022-01-07,1.279,1.285,1.189,1.21,1.21,209806013.2
2022-01-08,1.209,1.254,1.124,1.181,1.181,169730473.68
2022-01-09,1.182,1.206,1.147,1.17,1.17,114093699.4
2022-01-10,1.17,1.181,1.069,1.123,1.123,189250644.14
2022-01-11,1.123,1.196,1.122,1.187,1.187,115267098.7
2022-01-12,1.188,1.314,1.186,1.312,1.312,145608592.7
2022-01-13,1.312,1.354,1.227,1.233,1.233,179029543.6
2022-01-14,1.232,1.309,1.22,1.292,1.292,143281596.5
2022-01-15,1.293,1.319,1.251,1.291,1.291,80421836.4
2022-01-16,1.292,1.422,1.286,1.41,1.41,247977037.4
2022-01-17,1.411,1.607,1.386,1.603,1.603,545675409.1
2022-01-18,1.602,1.638,1.411,1.458,1.458,455949108.3
2022-01-19,1.458,1.534,1.326,1.337,1.337,329948716.4
2022-01-20,1.336,1.427,1.251,1.259,1.259,261063307.3
2022-01-21,1.259,1.282,1.101,1.12,1.12,408519522.4
2022-01-22,1.12,1.155,0.917,1.071,1.071,554287709.12
2022-01-23,1.071,1.17,1.051,1.124,1.124,257147931.5
2022-01-24,1.124,1.125,0.951,1.065,1.065,437410320.0
2022-01-25,1.066,1.074,0.991,1.043,1.043,218828333.3
2022-01-26,1.043,1.157,1.022,1.077,1.077,336503954.9
2022-01-27,1.078,1.08,1.004,1.042,1.042,184762461.8
2022-01-28,1.042,1.059,1.008,1.048,1.048,137690073.1
2022-01-29,1.049,1.084,1.037,1.059,1.059,89531278.4
2022-01-30,1.059,1.077,1.024,1.035,1.035,72352160.1
2022-01-31,1.035,1.06,1.006,1.051,1.051,101218950.1
2022-02-01,1.052,1.096,1.034,1.096,1.096,124526330.3
2022-02-02,1.096,1.103,1.022,1.027,1.027,126857788.7
2022-02-03,1.027,1.062,1.016,1.061,1.061,98542208.5
2022-02-04,1.061,1.139,1.045,1.138,1.138,135205051.6
2022-02-05,1.138,1.178,1.097,1.125,1.125,152710784.3
2022-02-06,1.125,1.15,1.097,1.143,1.143,107099317.0
2022-02-07,1.142,1.209,1.125,1.199,1.199,267801841.6
2022-02-08,1.198,1.263,1.133,1.176,1.176,271657090.8
2022-02-09,1.176,1.215,1.152,1.195,1.195,137109784.2
2022-02-10,1.194,1.225,1.143,1.15,1.15,183604520.1
2022-02-11,1.15,1.164,1.068,1.079,1.079,131818725.2
2022-02-12,1.079,1.092,1.029,1.059,1.059,149173437.2
2022-02-13,1.058,1.076,1.032,1.042,1.042,99247994.0
2022-02-14,1.043,1.055,1.018,1.049,1.049,138982742.3
2022-02-15,1.05,1.115,1.049,1.107,1.107,153934616.3
2022-02-16,1.108,1.112,1.066,1.082,1.082,100925929.7
2022-02-17,1.083,1.094,1.008,1.02,1.02,114535761.9
2022-02-18,1.019,1.043,0.983,0.995,0.995,133614248.4
2022-02-19,0.996,1.019,0.973,0.996,0.996,92102940.7
2022-02-20,0.997,0.998,0.919,0.931,0.931,156774619.1
2022-02-21,0.931,0.993,0.851,0.856,0.856,283488504.31
2022-02-22,0.856,0.897,0.813,0.888,0.888,264842040.57
2022-02-23,0.888,0.96,0.863,0.866,0.866,237719675.9
2022-02-24,0.866,0.899,0.746,0.853,0.853,560130978.58
2022-02-25,0.852,0.91,0.823,0.898,0.898,210840757.4
2022-02-26,0.898,0.93,0.881,0.887,0.887,142052119.7
2022-02-27,0.886,0.915,0.832,0.856,0.856,162004634.9
2022-02-28,0.857,0.97,0.842,0.962,0.962,227929558.7
2022-03-01,0.962,1.011,0.939,0.963,0.963,234764266.6
2022-03-02,0.964,0.977,0.927,0.939,0.939,149491898.8
2022-03-03,0.938,0.946,0.883,0.903,0.903,114772747.9
2022-03-04,0.902,0.903,0.826,0.844,0.844,147015719.3
2022-03-05,0.844,0.883,0.818,0.864,0.864,78739554.5
2022-03-06,0.865,0.872,0.819,0.823,0.823,76546559.4
2022-03-07,0.822,0.847,0.777,0.793,0.793,132873670.6
2022-03-08,0.793,0.821,0.787,0.802,0.802,124187499.5
2022-03-09,0.802,0.863,0.799,0.849,0.849,114883578.6
2022-03-10,0.849,0.854,0.785,0.807,0.807,115081098.3
2022-03-11,0.806,0.819,0.782,0.788,0.788,101514757.7
2022-03-12,0.788,0.802,0.786,0.789,0.789,50466434.4
2022-03-13,0.789,0.821,0.78,0.786,0.786,88733691.2
2022-03-14,0.787,0.816,0.776,0.802,0.802,104141955.4
2022-03-15,0.803,0.817,0.781,0.8,0.8,95462205.5
2022-03-16,0.8,0.84,0.792,0.838,0.838,160796978.5
2022-03-17,0.839,0.858,0.827,0.835,0.835,106462948.2
2022-03-18,0.835,0.86,0.82,0.851,0.851,82865732.3
2022-03-19,0.851,0.916,0.85,0.903,0.903,114266368.8
2022-03-20,0.902,0.916,0.864,0.879,0.879,93008770.9
2022-03-21,0.879,0.93,0.863,0.917,0.917,115815047.2
2022-03-22,0.917,0.988,0.907,0.975,0.975,172058469.4
2022-03-23,0.975,1.11,0.957,1.108,1.108,362447245.1
2022-03-24,1.108,1.19,1.076,1.131,1.131,390982460.0
2022-03-25,1.13,1.167,1.072,1.096,1.096,290456883.7
2022-03-26,1.096,1.16,1.079,1.152,1.152,143117986.1
2022-03-27,1.152,1.186,1.104,1.184,1.184,135043361.8
2022-03-28,1.184,1.246,1.157,1.17,1.17,261105698.6
2022-03-29,1.17,1.243,1.166,1.191,1.191,180298618.0
2022-03-30,1.191,1.218,1.161,1.189,1.189,146032640.3
2022-03-31,1.189,1.228,1.133,1.141,1.141,177164788.1
2022-04-01,1.141,1.175,1.104,1.165,1.165,191221298.9
2022-04-02,1.165,1.195,1.145,1.155,1.155,107106263.9
2022-04-03,1.156,1.2,1.142,1.186,1.186,78660058.3
2022-04-04,1.186,1.245,1.16,1.212,1.212,253235570.3
2022-04-05,1.212,1.219,1.163,1.171,1.171,108831679.5
2022-04-06,1.17,1.173,1.047,1.052,1.052,206766772.7
2022-04-07,1.052,1.101,1.038,1.089,1.089,99287570.5
2022-04-08,1.089,1.1,1.019,1.024,1.024,88048109.3
2022-04-09,1.025,1.047,1.021,1.045,1.045,49693999.1
2022-04-10,1.044,1.07,1.023,1.027,1.027,51995282.7
2022-04-11,1.026,1.033,0.917,0.92,0.92,159034131.6
2022-04-12,0.919,0.982,0.915,0.955,0.955,115179052.5
2022-04-13,0.954,0.981,0.934,0.974,0.974,83269578.6
2022-04-14,0.974,0.985,0.923,0.933,0.933,84093379.2
2022-04-15,0.933,0.959,0.929,0.956,0.956,42541809.7
2022-04-16,0.955,0.962,0.937,0.951,0.951,36809858.4
2022-04-17,0.95,0.963,0.912,0.914,0.914,42819442.0
2022-04-18,0.914,0.939,0.874,0.937,0.937,118870539.6
2022-04-19,0.936,0.957,0.927,0.952,0.952,75432689.7
2022-04-20,0.952,0.976,0.93,0.937,0.937,93644303.6
2022-04-21,0.937,0.971,0.891,0.91,0.91,105007978.4
2022-04-22,0.91,0.924,0.891,0.906,0.906,82391016.7
2022-04-23,0.906,0.913,0.881,0.886,0.886,34559067.5
2022-04-24,0.886,0.899,0.883,0.892,0.892,12440527.5
